reading=0.0092754
convolution_native=0.83413
convolution_matlab=0.032635
nonlinear_native=0.20176
matlab_startup=11.0457
platform=GLNXA64
platform_maxsize=281474976710655
platform_endian=L
