reading=0.0069585
convolution_native=0.85112
convolution_matlab=0.02998
nonlinear_native=0.22395
matlab_startup=5.1203
platform=GLNXA64
platform_maxsize=281474976710655
platform_endian=L
