reading=0.0051777
convolution_native=0.72672
convolution_matlab=0.025523
nonlinear_native=0.18956
matlab_startup=2.9602
platform=GLNXA64
platform_maxsize=281474976710655
platform_endian=L
