reading=0.0086731
convolution_native=0.84469
convolution_matlab=0.019447
nonlinear_native=0.18964
matlab_startup=3.3743
platform=PCWIN64
platform_maxsize=281474976710655
platform_endian=L
